0 0
1 0
1 1
0 1
0 2
0 3
1 3
1 2
2 2
2 1
2 0
3 0
3 1
3 2
3 3
4 3
4 4
4 5
4 6
5 6
5 5
6 5
6 4
7 4
7 5
7 6
7 7
8 7
9 7
10 7
11 7
12 7
12 8
13 8
14 8
15 8
16 8
16 9
16 10
16 11
15 11
14 11
13 11
12 11
12 10
13 10
14 10
14 9
13 9
12 9
11 9
11 10
11 11
11 12
10 12
10 11
10 10
10 9
10 8
9 8
8 8
8 9
7 9
6 9
5 9
5 8
5 7
4 7
4 8
4 9
4 10
5 10
5 11
4 11
4 12
3 12
3 13
4 13
5 13
5 12
6 12
7 12
7 13
7 14
8 14
9 14
9 15
9 16
9 17
10 17
10 18
11 18
11 17
11 16
10 16
10 15
11 15
11 14
10 14
10 13
11 13
12 13
13 13
14 13
15 13
15 14
15 15
15 16
16 16
16 15
17 15
18 15
18 14
18 13
17 13
17 14
16 14
16 13
16 12
17 12
17 11
18 11
18 10
18 9
18 8
19 8
19 9
19 10
19 11
20 11
21 11
21 12
21 13
21 14
21 15
21 16
21 17
22 17
22 18
21 18
20 18
20 19
21 19
22 19
23 19
23 18
23 17
24 17
24 16
24 15
23 15
23 16
22 16
22 15
22 14
22 13
23 13
24 13
24 14
25 14
25 15
25 16
26 16
27 16
27 17
26 17
26 18
25 18
24 18
24 19
25 19
26 19
27 19
28 19
28 18
29 18
30 18
31 18
31 19
